-179.3014419570781 -0.5236274594853543 0.4837138646145128
-173.20145724269793 -0.5782471574750851 0.48166015236007115
-166.20320021993672 -0.6908776365622624 0.5023980543178621
-165.13998298878167 -0.7168573105300515 0.5086091822911831
-165.13998298878167 -0.7168573105300515 0.5086091822911831
-160.59435478785767 -0.7734338635831834 0.5064475396834174
-160.59435478785767 -0.7734338635831834 0.5064475396834174
-160.59435478785767 -0.7734338635831834 0.5064475396834174
-160.59435478785767 -0.7734338635831834 0.5064475396834174
-153.71236889360756 -0.7736984840277011 0.4623308816735491
